-11198.227951231 -16380
-10404.590829022 -16374.154438139
-9610.9547280596 -16368.137636877
-8817.3195505834 -16361.970044775
-8023.6851807996 -16355.67354534
-7230.05146674 -16349.274301433
-6436.4182645222 -16342.795983473
-5642.7854173305 -16336.263383555
-4849.1527537361 -16329.702888399
-4055.5201076965 -16323.139732005
-3261.8873051441 -16316.600338716
-2468.2541815062 -16310.109969752
-1674.6205784112 -16303.693496731
-880.98632907052 -16297.377996734
-87.351301534907 -16291.186284152
706.28462721742 -16285.141066454
1499.9215955846 -16279.269393392
2293.5596762171 -16273.589290031
3087.1989513664 -16268.122333497
3880.8394961636 -16262.891494923
4674.4813180138 -16257.909378458
5468.1244772141 -16253.201818058
6261.7689287181 -16248.775739741
7055.4146908361 -16244.654685549
7849.0616854833 -16240.842678067
8642.709899139 -16237.363241769
9436.3592195872 -16234.216108791
10230.009584734 -16231.418552877
11023.639172882 -16226.872234901
11812.548702832 -16137.554060474
12581.485516084 -15920.801820628
13314.94905301 -15583.455064526
13999.338237549 -15135.057850727
14622.131362243 -14585.541184118
15172.16578169 -13946.120108422
15636.958220985 -13226.985357073
16003.496467371 -12440.013388981
16256.562368756 -11599.051586901
16380 -10722.647622321
16360.588035625 -9835.8619048537
16192.444366362 -8969.0990871983
15880.736610921 -8153.6743187845
15486.993089709 -7382.394316276
15092.178232244 -6611.7618075
14698.923221728 -5840.1306092914
14307.05387368 -5067.6166569327
13916.387450177 -4294.3397248902
13526.768803405 -3520.4007278119
13138.08130878 -2745.8753251585
12750.191407039 -1970.8491036317
12362.992860571 -1195.3898601146
11976.383824332 -419.5621880949
11590.27170555 356.57547325465
11204.56436846 1132.965260852
10819.188402766 1909.5611915382
10434.058080764 2686.3097845594
10049.103539934 3463.1675440212
9664.2547738208 4240.0909618496
9279.4426329466 5017.03710881
8894.6029673464 5793.9661745977
8509.6692847588 6570.836883571
8124.5808828565 7347.6115167141
7739.27692802 8124.2522144038
7353.6966774898 8900.7210911533
6967.7713095171 9676.9751209375
6581.4464645008 10452.980147087
6194.6609981158 11228.697639169
5807.3529327025 12004.088367308
5419.4477741558 12779.105041369
5030.8862687678 13553.709663439
4641.5793891449 14327.845211738
4203.6048443616 15065.200095896
3580.0535140407 15609.604481103
2858.4565609165 15976.236159112
2093.2365589944 16209.31721054
1308.4223250273 16338.569664317
515.92862440684 16380
-276.70857238939 16341.278202079
-1063.0339505778 16223.147367614
-1835.5066918641 16021.019413394
-2582.6939947729 15723.247586916
-3283.7634892028 15309.051426404
-3897.6628679648 14749.282072979
-4413.7814832604 14075.039208989
-4855.5959302052 13337.752946477
-5207.410094938 12542.241524592
-5453.182419806 11698.451128588
-5579.1772299578 10822.317955748
-5578.7220051216 9934.9072679076
-5454.7150024503 9058.3311851044
-5219.2804190283 8210.7033892747
-4888.8338080642 7403.6030113834
-4472.7734797142 6647.9697957047
-3968.1145297675 5963.1327748548
-3392.5519506943 5352.2191086498
-2757.0225238271 4820.9809765985
-2067.8693589449 4381.652801599
-1329.9497900623 4057.0890049834
-557.33155072174 3856.6704219141
229.60219494483 3742.4947674857
1018.3552791867 3644.3001550141
1795.7347708199 3469.3656900694
2521.3671981279 3117.2066433393
3136.6831809894 2559.0994611201
3648.615776288 1881.5042269289
4065.9748925673 1126.7613512151
4382.7762407704 313.16651902815
4570.4749698515 -548.44784349695
4557.2858449246 -1433.0012086979
4312.930669148 -2275.4905732502
3904.3247372002 -3035.3766437459
3382.8529918153 -3703.8228452607
2778.5913783285 -4278.6137336074
2108.6930129149 -4753.597896551
1383.8596532261 -5113.1766557932
614.75073455825 -5326.5725784158
-177.34808865501 -5365.9636908373
-970.99816071221 -5368.436178054
-1764.6482881347 -5365.9131834634
-2558.2777157007 -5358.9816658522
-3351.8753626039 -5348.4089350119
-4145.4405936447 -5335.1158814269
-4938.981902143 -5320.1297138836
-5732.5137596694 -5304.5254491344
-6526.0524142039 -5289.3629422938
-7319.6116868156 -5275.6269771483
-8113.1997572413 -5264.1771852413
-8906.8176137349 -5255.7175680669
-9700.4592585096 -5250.8218655802
-10494.11236962 -5249.8671078617
-11287.760557623 -5253.1144397431
-12078.979580322 -5302.3940199418
-12837.660568633 -5556.5618886074
-13537.994651542 -5972.2081151623
-14174.668600237 -6501.4354973935
-14747.129194076 -7115.9781732465
-15253.432349801 -7799.4849822647
-15687.637622087 -8542.5028798076
-16037.721163953 -9339.0459922093
-16281.467252578 -10183.440577748
-16380 -11063.102729415
-16285.399606452 -11942.606656613
-16017.773688091 -12777.405026182
-15624.027379945 -13547.652552919
-15133.985643152 -14245.554980352
-14566.430645799 -14865.641055096
-13933.195448887 -15400.145006953
-13242.949029771 -15837.213705652
-12504.232419065 -16159.657223082
-11729.039940399 -16344.925292916
